67
1	0	0	0.456
0	1	0	0.725
0	0	1	-0.15
1	0	0	0.456
0	1	0	0.7371212121
0	0	1	-0.1378787879
1	0	0	0.456
0	1	0	0.7492424242
0	0	1	-0.1257575758
1	0	0	0.456
0	1	0	0.7613636364
0	0	1	-0.1136363636
1	0	0	0.456
0	1	0	0.7734848485
0	0	1	-0.1015151515
1	0	0	0.456
0	1	0	0.7856060606
0	0	1	-0.08939393939
1	0	0	0.456
0	1	0	0.7977272727
0	0	1	-0.07727272727
1	0	0	0.456
0	1	0	0.8098484848
0	0	1	-0.06515151515
1	0	0	0.456
0	1	0	0.821969697
0	0	1	-0.05303030303
1	0	0	0.456
0	1	0	0.8340909091
0	0	1	-0.04090909091
1	0	0	0.456
0	1	0	0.8462121212
0	0	1	-0.02878787879
1	0	0	0.456
0	1	0	0.8583333333
0	0	1	-0.01666666667
1	0	0	0.456
0	1	0	0.8704545455
0	0	1	-0.004545454545
1	0	0	0.456
0	1	0	0.8825757576
0	0	1	0.007575757576
1	0	0	0.456
0	1	0	0.8946969697
0	0	1	0.0196969697
1	0	0	0.456
0	1	0	0.9068181818
0	0	1	0.03181818182
1	0	0	0.456
0	1	0	0.9189393939
0	0	1	0.04393939394
1	-0	0	0.456
0	0.9999641818	0.008463399925	0.9310606061
-0	-0.008463399925	0.9999641818	0.04393939394
1	-0	0	0.456
0	0.999484874	0.03207417935	0.9431818182
-0	-0.03207417935	0.999484874	0.03181818182
1	-0	0	0.456
0	0.9976879083	0.0677788227	0.9553030303
-0	-0.0677788227	0.9976879083	0.0196969697
1	-0	0	0.456
0	0.9936149034	0.1119809984	0.9674242424
-0	-0.1119809984	0.9936149034	0.007575757576
1	-0	0	0.456
0	0.9865998963	0.1605787099	0.9795454545
-0	-0.1605787099	0.9865998963	-0.004545454545
1	-0	0	0.456
0	0.9765615062	0.2092224635	0.9916666667
-0	-0.2092224635	0.9765615062	-0.01666666667
1	-0	0	0.456
0	0.964168858	0.2537983903	1.003787879
-0	-0.2537983903	0.964168858	-0.02878787879
1	-0	0	0.456
0	0.9508429894	0.2909873559	1.015909091
-0	-0.2909873559	0.9508429894	-0.04090909091
1	-0	0	0.456
0	0.9385866066	0.3186433436	1.028030303
-0	-0.3186433436	0.9385866066	-0.05303030303
1	-0	0	0.456
0	0.929682557	0.3357178332	1.040151515
-0	-0.3357178332	0.929682557	-0.06515151515
1	-0	0	0.456
0	0.9263260524	0.3415656147	1.052272727
-0	-0.3415656147	0.9263260524	-0.07727272727
1	-0	0	0.456
0	0.9302161116	0.3346923751	1.064393939
-0	-0.3346923751	0.9302161116	-0.08939393939
1	-0	0	0.456
0	0.9420276276	0.3113222243	1.076515152
-0	-0.3113222243	0.9420276276	-0.1015151515
1	-0	0	0.456
0	0.960597205	0.2646095796	1.088636364
-0	-0.2646095796	0.960597205	-0.1136363636
1	-0	0	0.456
0	0.9817747148	0.1859370854	1.100757576
-0	-0.1859370854	0.9817747148	-0.1257575758
1	-0	0	0.456
0	0.9975223312	0.07014761192	1.112878788
-0	-0.07014761192	0.9975223312	-0.1378787879
1	0	0	0.456
0	1	0	1.125
0	0	1	-0.15
0.9999121041	-0.0002488973671	-0.01325564679	0.456
-0.0002488973671	0.9992951899	-0.03753641238	1.118939394
0.01325564679	0.03753641238	0.999207294	-0.1621212121
0.9987468306	-0.001436197477	-0.05000693977	0.456
-0.001436197477	0.9983540428	-0.0573105595	1.112878788
0.05000693977	0.0573105595	0.9971008734	-0.1742424242
0.9944135524	-0.003344647555	-0.1053114864	0.456
-0.003344647555	0.9979975347	-0.06305076688	1.106818182
0.1053114864	0.06305076688	0.9924110871	-0.1863636364
0.9846587857	-0.005190380088	-0.1735470186	0.456
-0.005190380088	0.9982439431	-0.05871601651	1.100757576
0.1735470186	0.05871601651	0.9829027288	-0.1984848485
0.967955255	-0.006261350942	-0.2484110912	0.456
-0.006261350942	0.9987765696	-0.048538037	1.09469697
0.2484110912	0.048538037	0.9667318246	-0.2106060606
0.9441612756	-0.006382510526	-0.3233052151	0.456
-0.006382510526	0.9992704626	-0.03695462173	1.088636364
0.3233052151	0.03695462173	0.9434317381	-0.2227272727
0.9148576397	-0.006164488609	-0.3920671427	0.456
-0.006164488609	0.9995536779	-0.02838649795	1.082575758
0.3920671427	0.02838649795	0.9144113176	-0.2348484848
0.8833001881	-0.006997105491	-0.4497703044	0.456
-0.006997105491	0.9995804665	-0.02696739794	1.076515152
0.4497703044	0.02696739794	0.8828806546	-0.246969697
0.8540194226	-0.01077674391	-0.4931851912	0.456
-0.01077674391	0.999204427	-0.03640847707	1.070454545
0.4931851912	0.03640847707	0.8532238496	-0.2590909091
0.8321969852	-0.01938594964	-0.5205388297	0.456
-0.01938594964	0.9977603797	-0.06013681905	1.064393939
0.5205388297	0.06013681905	0.8299573648	-0.2712121212
0.8229592238	-0.03393903989	-0.5304130397	0.456
-0.03393903989	0.9934938241	-0.1016811477	1.058333333
0.5304130397	0.1016811477	0.8164530479	-0.2833333333
0.8305818193	-0.05376157647	-0.5199405898	0.456
-0.05376157647	0.9829398056	-0.1649930702	1.052272727
0.5199405898	0.1649930702	0.8135216249	-0.2954545455
0.8573185986	-0.07505634909	-0.482877575	0.456
-0.07505634909	0.9605172399	-0.25401368	1.046212121
0.482877575	0.25401368	0.8178358385	-0.3075757576
0.9013252296	-0.08942082924	-0.4087589342	0.456
-0.08942082924	0.9189652566	-0.370424605	1.040151515
0.4087589342	0.370424605	0.8202904862	-0.3196969697
0.953368762	-0.08313414062	-0.2852690437	0.456
-0.08313414062	0.8517885084	-0.5085774646	1.034090909
0.2852690437	0.5085774646	0.8051572704	-0.3318181818
0.9934900356	-0.0396025476	-0.1065542648	0.456
-0.0396025476	0.7590828956	-0.648209433	1.028030303
0.1065542648	0.648209433	0.7525729312	-0.3439393939
1	0	0	0.456
0	0.7071769186	-0.707	1.021969697
0	0.707	0.7071769186	-0.3560606061
0.9958597553	0.03644260554	0.08327528511	0.456
0.03644260554	0.6792306764	-0.7329925091	1.015909091
-0.08327528511	0.7329925091	0.6750904317	-0.3681818182
0.9809554339	0.07944311713	0.1772388182	0.456
0.07944311713	0.6686084191	-0.7393397221	1.009848485
-0.1772388182	0.7393397221	0.6495638531	-0.3803030303
0.9521449261	0.1247545537	0.2790224288	0.456
0.1247545537	0.6747743262	-0.7273903416	1.003787879
-0.2790224288	0.7273903416	0.6269192523	-0.3924242424
0.9073728525	0.1678508598	0.3853528574	0.456
0.1678508598	0.6958352717	-0.6983029295	0.9977272727
-0.3853528574	0.6983029295	0.6032081242	-0.4045454545
0.8459930818	0.2043671506	0.4924687287	0.456
0.2043671506	0.7288048308	-0.6535059074	0.9916666667
-0.4924687287	0.6535059074	0.5747979127	-0.4166666667
0.7689594974	0.230563767	0.5962693771	0.456
0.230563767	0.7699119848	-0.5950390178	0.9856060606
-0.5962693771	0.5950390178	0.5388714823	-0.4287878788
0.6788242229	0.2437652855	0.6926556899	0.456
0.2437652855	0.8149875593	-0.5257102934	0.9795454545
-0.6926556899	0.5257102934	0.4938117821	-0.4409090909
0.5795127267	0.2427015534	0.7779827785	0.456
0.2427015534	0.8599147994	-0.4490448127	0.9734848485
-0.7779827785	0.4490448127	0.4394275261	-0.453030303
0.4758949702	0.2276814752	0.8495187301	0.456
0.2276814752	0.9010907142	-0.3690475509	0.9674242424
-0.8495187301	0.3690475509	0.3769856844	-0.4651515152
0.3732244581	0.2005599686	0.9058018253	0.456
0.2005599686	0.9358234355	-0.2898447266	0.9613636364
-0.9058018253	0.2898447266	0.3090478936	-0.4772727273
0.2765547147	0.1645041632	0.946812752	0.456
0.1645041632	0.962593412	-0.2152956729	0.9553030303
-0.946812752	0.2152956729	0.2391481267	-0.4893939394
0.1902524282	0.1236108934	0.9739217256	0.456
0.1236108934	0.9811303504	-0.1486726713	0.9492424242
-0.9739217256	0.1486726713	0.1713827786	-0.5015151515
0.1177053608	0.08245804631	0.9896189898	0.456
0.08245804631	0.9922935841	-0.09248843285	0.9431818182
-0.9896189898	0.09248843285	0.1099989449	-0.5136363636
0.06127870831	0.0456769555	0.9970749314	0.456
0.0456769555	0.9977774188	-0.04851636761	0.9371212121
-0.9970749314	0.04851636761	0.05905612714	-0.5257575758
0	0	0	0.456
0	0	0	0.9310606061
0	0	0	-0.5378787879
0	0	0	0.456
0	0	0	1.025
0	0	0	-0.35
